9.206440370157098	10.00621432565314
9.206328359115123	10.006215329492724
9.205285352165994	10.00622377823953
9.205225626940944	10.006224104579978
9.206226299257066	10.006216197261544
9.205372707122132	10.006223081852562
9.206452716201131	10.006214196240022
9.20648625449022	10.00621222771305
9.205134081255455	10.00622486692324
9.206376907315219	10.006214974844292
9.20621011074768	10.006363770221492
9.206308475789621	10.006216724150285
9.205275538219073	10.006223849723028
9.20640702225266	10.006214642748432
9.205006076428957	10.006225956750157
9.206383792584752	10.006214861496623
9.205290427661891	10.006223725584336
9.20542641757491	10.00622267674184
5.0452622736410655	3.063631139914769
9.20518542667194	10.006224445974931
9.206241686463839	10.00621607849692
9.206220147755465	10.006216259381144
9.206476001339162	10.00621436341
9.206376423925196	10.006214921453092
9.206504519805678	10.006213673974994
9.205075582683516	10.006225436355496
9.205056351045839	10.006226362861318
9.20630578127327	10.00621551107387
9.206235883705718	10.006216127949989
9.206628997023463	10.006212718516267
9.20655939154012	10.006213139464776
9.20519842008887	10.006224664374464
9.20521284546859	10.006207296275706
9.205023122175838	10.006225697935497
9.2065417872324	10.006214146939332
9.20542155671431	10.006222711039552
9.20529173856415	10.00622369551409
9.206597583812272	10.006213068809046
9.206380025256971	10.006214924913188
9.205254386394842	10.006222870499982
5.043530830196802	3.063376543379036
5.044016845055592	3.063262476211312
5.043959539317991	3.063374017145622
5.0435302997196345	3.0633803174906773
5.043732017422819	3.06334253276013
5.0436610494938225	3.0633704389433314
5.044723956069532	3.0635430635436562
5.043708047061031	3.063224973370645
5.044981336031734	3.0633554701523042
5.0435685000594885	3.0633310032291714
5.045078448882147	3.063365151111768
5.0452394461535315	3.0633742459893716
5.043763855050303	3.0633803131091533
5.045266670890498	3.063347701312613
5.043788328510592	3.0633382686824553
5.044418809589144	3.063580759386984
5.043884501598549	3.0633886980649465
5.045105757797242	3.063401578117896
5.04512754278942	3.0633693555829073
5.04494906864821	3.0633383975611714
5.045293844397897	3.06336732388404
5.045152030434119	3.0633695236130722
5.04397864893208	3.0633944032198253
5.043943581155534	3.0633513199877065
5.043935479153645	3.063610565216413
5.044937611509578	3.0633411951050893
5.044782379218865	3.0637180580020704
5.045010875341427	3.063370787052084
5.045234993940141	3.0633780697764093
5.045365399884247	3.0633671786019394
5.043851284376256	3.0633591819017902
5.043918916266866	3.0633200353064396
5.044995449063766	3.063392800244922
5.0445819801402765	3.062893719414118
5.043803838832924	3.063335446923851
5.043923270553934	3.0633491243651636
5.045373777397118	3.0633652969916305
5.043822183528025	3.0632954696001664
5.04353625370675	3.0632572321184686
5.045409709426869	3.0633461825086274
5.043922464697374	3.063368331054953
5.045081902023371	3.063350649572366
5.045094964903336	3.063455009977241
5.043606928389403	3.0633716802528603
5.043792676781632	3.0634108119199928
5.045036524380056	3.0634547061300914
5.045135426676561	3.063374287032841
5.043579756702857	3.063341551468413
5.0452307324163	3.063289433228568
5.045210511212611	3.0633668462638726
-4.107707723054887	5.396359546078832
-4.109332528246107	5.397615603045476
-4.107603743110014	5.39626153730245
-4.107702227891808	5.3963461357121165
-4.107862081729101	5.396472662137834
-4.109342466820728	5.397620521902838
-4.109402729516558	5.397676323610501
-4.107804960024145	5.3964175379842905
-4.107715417141464	5.396301660826303
-4.109137602505991	5.397469501928517
-4.1076878889321655	5.396427160072385
-4.107796251740744	5.396423670236491
-4.107497129560687	5.3961870986983325
-4.107838928121458	5.396450183371966
-4.107592109434938	5.396263313429327
-4.109139374584721	5.397467006821616
-4.108961002595474	5.397463824236133
-4.107880766722403	5.396478494808676
-4.107894918726594	5.396498192681515
-4.10903501554729	5.39746460231463
-4.1091057572576375	5.397441818139817
-4.109000434508002	5.397361418210016
-4.109395046568133	5.397673801839907
-4.107703285808052	5.396345201812826
-4.109068171176193	5.3974144172290055
-4.108259038018168	5.397298289427896
-4.109189330438137	5.397508899196659
-4.109110847239511	5.397445957368777
-4.108983166978045	5.3973474744517835
-4.107900879938847	5.396495000847915
-4.1076770363011725	5.396375908046975
5.043708855116273	3.0633733048559506
-4.109119467059071	5.397454954528193
-4.1089581850267365	5.397443342999373
-4.10790421181319	5.39650348333724
